Reactor-length Temperature-100mlmin Temperature-200mlmin Temperature-400mlmin Temperature-600mlmin Temperature-800mlmin
cm  K K K K K
0 23.75 22.65 21.35 20.75 20.35
0.069 23.75 22.65 21.35 20.75 20.35
0.138 23.85 22.85 21.55 20.85 20.45
0.207 23.95 22.95 21.65 20.95 20.55
0.276 24.15 23.15 21.85 21.15 20.65
0.345 24.25 23.35 22.05 21.25 20.85
0.414 24.35 23.55 22.25 21.45 20.95
0.483 24.45 23.65 22.35 21.55 21.05
0.552 24.55 23.75 22.55 21.75 21.15
0.621 24.65 23.95 22.75 21.85 21.35
0.69 24.75 24.05 22.85 22.05 21.45
0.759 24.85 24.15 23.05 22.15 21.55
0.828 24.95 24.25 23.15 22.35 21.65
0.897 24.95 24.45 23.35 22.45 21.85
0.966 25.05 24.55 23.45 22.55 21.95
1.035 25.15 24.55 23.55 22.75 22.05
1.104 25.15 24.65 23.65 22.85 22.15
1.173 25.25 24.75 23.85 22.95 22.25
1.242 25.35 24.85 23.95 23.05 22.45
1.311 25.35 24.95 24.05 23.15 22.55
1.38 25.45 25.05 24.15 23.25 22.65
1.449 25.45 25.05 24.25 23.35 22.75
1.518 25.55 25.15 24.25 23.45 22.85
1.587 25.55 25.25 24.35 23.55 22.95
1.656 25.65 25.25 24.45 23.65 23.05
1.725 25.75 25.35 24.55 23.75 23.15
1.794 25.75 25.45 24.65 23.85 23.15
1.863 25.85 25.45 24.75 23.95 23.25
1.932 25.85 25.55 24.75 24.05 23.35
2.001 25.95 25.65 24.85 24.15 23.45
2.07 26.05 25.65 24.95 24.15 23.55
2.139 26.05 25.75 25.05 24.25 23.65
2.208 26.15 25.75 25.05 24.35 23.65
2.277 26.15 25.85 25.15 24.45 23.75
2.346 26.25 25.95 25.25 24.55 23.85
2.415 26.35 25.95 25.25 24.55 23.95
2.484 26.35 26.05 25.35 24.65 23.95
2.553 26.45 26.15 25.45 24.75 24.05
2.622 26.55 26.15 25.45 24.75 24.15
2.691 26.55 26.25 25.55 24.85 24.25
2.76 26.65 26.35 25.65 24.95 24.25
2.829 26.75 26.35 25.65 25.05 24.35
2.898 26.75 26.45 25.75 25.05 24.45
2.967 26.85 26.55 25.85 25.15 24.55
3.036 26.95 26.55 25.85 25.25 24.55
3.105 27.05 26.65 25.95 25.25 24.65
3.174 27.05 26.75 26.05 25.35 24.75
3.243 27.15 26.75 26.15 25.45 24.75
3.312 27.25 26.85 26.15 25.55 24.85
3.381 27.35 26.95 26.25 25.55 24.95
3.45 27.35 27.05 26.35 25.65 25.05
3.519 27.45 27.15 26.45 25.75 25.05
3.588 27.55 27.15 26.45 25.75 25.15
3.657 27.65 27.25 26.55 25.85 25.25
3.726 27.75 27.35 26.65 25.95 25.25
3.795 27.85 27.45 26.75 26.05 25.35
3.864 27.95 27.55 26.75 26.05 25.45
3.933 28.05 27.65 26.85 26.15 25.55
4.002 28.15 27.65 26.95 26.25 25.55
4.071 28.15 27.75 27.05 26.35 25.65
4.14 28.25 27.85 27.15 26.35 25.75
4.209 28.35 27.95 27.15 26.45 25.85
4.278 28.45 28.05 27.25 26.55 25.85
4.347 28.55 28.15 27.35 26.65 25.95
4.416 28.75 28.25 27.45 26.75 26.05
4.485 28.85 28.35 27.55 26.85 26.15
4.554 28.95 28.45 27.65 26.85 26.15
4.623 29.05 28.55 27.75 26.95 26.25
4.692 29.15 28.65 27.85 27.05 26.35
4.761 29.25 28.75 27.95 27.15 26.45
4.83 29.35 28.85 28.05 27.25 26.55
4.899 29.45 28.95 28.15 27.35 26.65
4.968 29.65 29.15 28.25 27.45 26.65
5.037 29.75 29.25 28.35 27.55 26.75
5.106 29.85 29.35 28.45 27.65 26.85
5.175 29.95 29.45 28.55 27.65 26.95
5.244 30.15 29.55 28.65 27.75 27.05
5.313 30.25 29.75 28.75 27.85 27.15
5.382 30.35 29.85 28.85 27.95 27.25
5.451 30.55 29.95 28.95 28.05 27.35
5.52 30.65 30.05 29.05 28.25 27.45
5.589 30.75 30.25 29.15 28.35 27.55
5.658 30.95 30.35 29.35 28.45 27.65
5.727 31.05 30.45 29.45 28.55 27.75
5.796 31.25 30.65 29.55 28.65 27.85
5.865 31.35 30.75 29.65 28.75 27.95
5.934 31.55 30.85 29.75 28.85 28.05
6.003 31.65 31.05 29.95 28.95 28.15
6.072 31.85 31.15 30.05 29.05 28.25
6.141 31.95 31.35 30.15 29.25 28.35
6.21 32.15 31.45 30.35 29.35 28.45
6.279 32.35 31.65 30.45 29.45 28.55
6.348 32.45 31.85 30.65 29.55 28.65
6.417 32.65 31.95 30.75 29.65 28.75
6.486 32.85 32.15 30.85 29.85 28.85
6.555 33.05 32.25 31.05 29.95 29.05
6.624 33.25 32.45 31.15 30.05 29.15
6.693 33.35 32.65 31.35 30.25 29.25
6.762 33.55 32.85 31.45 30.35 29.35
6.831 33.75 33.05 31.65 30.55 29.55
6.9 33.95 33.15 31.85 30.65 29.65
6.969 34.15 33.35 31.95 30.75 29.75
7.038 34.35 33.55 32.15 30.95 29.95
7.107 34.55 33.75 32.35 31.05 30.05
7.176 34.75 33.95 32.45 31.25 30.15
7.245 35.05 34.15 32.65 31.45 30.35
7.314 35.25 34.35 32.85 31.55 30.45
7.383 35.45 34.55 33.05 31.75 30.55
7.452 35.65 34.75 33.25 31.85 30.75
7.521 35.95 34.95 33.35 32.05 30.85
7.59 36.15 35.25 33.55 32.25 31.05
7.659 36.45 35.45 33.75 32.35 31.15
7.728 36.65 35.65 33.95 32.55 31.35
7.797 36.95 35.95 34.15 32.75 31.55
7.866 37.15 36.15 34.45 32.95 31.65
7.935 37.45 36.45 34.65 33.15 31.85
8.004 37.75 36.65 34.85 33.35 32.05
8.073 37.95 36.95 35.05 33.55 32.15
8.142 38.25 37.15 35.25 33.75 32.35
8.211 38.55 37.45 35.55 33.95 32.55
8.28 38.85 37.75 35.75 34.15 32.75
8.349 39.15 37.95 35.95 34.35 32.95
8.418 39.55 38.25 36.25 34.55 33.05
8.487 39.85 38.55 36.45 34.75 33.25
8.556 40.15 38.85 36.75 34.95 33.45
8.625 40.45 39.15 36.95 35.15 33.65
8.694 40.85 39.45 37.25 35.45 33.85
8.763 41.15 39.75 37.55 35.65 34.05
8.832 41.55 40.15 37.75 35.85 34.35
8.901 41.95 40.45 38.05 36.15 34.55
8.97 42.35 40.75 38.35 36.35 34.75
9.039 42.75 41.15 38.65 36.65 34.95
9.108 43.15 41.55 38.95 36.95 35.15
9.177 43.55 41.85 39.25 37.15 35.45
9.246 44.05 42.25 39.55 37.45 35.65
9.315 44.55 42.65 39.85 37.75 35.95
9.384 44.95 43.05 40.25 37.95 36.15
9.453 45.55 43.55 40.55 38.25 36.45
9.522 46.05 43.95 40.85 38.55 36.65
9.591 46.65 44.45 41.25 38.85 36.95
9.66 47.15 44.95 41.65 39.15 37.15
9.729 47.85 45.45 41.95 39.45 37.45
9.798 48.45 45.95 42.35 39.85 37.75
9.867 49.15 46.55 42.75 40.15 38.05
9.936 49.85 47.15 43.25 40.45 38.35
10.005 50.65 47.75 43.65 40.85 38.65
10.074 51.45 48.45 44.15 41.25 38.95
10.143 52.35 49.15 44.65 41.55 39.25
10.212 53.35 49.95 45.15 41.95 39.55
10.281 54.35 50.75 45.65 42.35 39.95
10.35 55.45 51.65 46.25 42.75 40.25
10.419 56.55 52.65 46.85 43.25 40.65
10.488 57.75 53.65 47.45 43.65 40.95
10.557 59.05 54.65 48.15 44.15 41.35
10.626 60.45 55.85 48.95 44.65 41.75
10.695 61.95 57.15 49.75 45.15 42.15
10.764 63.35 58.45 50.65 45.75 42.55
10.833 65.05 59.95 51.65 46.35 42.95
10.902 66.95 61.55 52.75 47.05 43.45
10.971 68.85 63.25 53.85 47.75 43.95
11.04 70.85 65.05 55.15 48.55 44.45
11.109 73.25 67.15 56.75 49.45 44.95
11.178 75.85 69.45 58.45 50.55 45.65
11.247 78.65 72.05 60.35 51.75 46.35
11.316 81.65 74.75 62.45 53.15 47.25
11.385 85.35 78.05 65.15 55.05 48.35
11.454 89.45 81.85 68.25 57.15 49.75
11.523 93.95 85.95 71.65 59.75 51.35
11.592 99.45 91.15 76.05 63.15 53.65
11.661 105.95 97.25 81.35 67.35 56.65
11.73 114.05 105.05 88.25 73.15 61.05
11.799 124.05 114.65 97.05 80.95 67.45
11.868 136.55 126.75 108.65 91.65 76.75
11.937 153.95 144.05 125.55 108.05 92.15
12.006 178.85 169.05 150.85 133.65 117.65
12.075 213.35 204.05 186.95 170.95 155.85
12.144 234.05 225.05 208.45 193.15 178.75
12.213 245.85 236.85 220.45 205.35 191.35
12.282 254.55 245.65 229.15 214.35 200.55
12.351 261.35 252.25 235.85 221.05 207.35
12.42 266.85 257.75 241.05 226.25 212.65
12.489 271.75 262.35 245.45 230.45 216.95
12.558 276.15 266.55 249.15 233.95 220.35
12.627 280.35 270.55 252.55 236.95 223.15
12.696 284.65 274.45 255.85 239.65 225.55
12.765 289.25 278.65 259.15 242.35 227.75
12.834 294.55 283.45 262.95 245.15 229.85
12.903 300.85 289.15 267.45 248.55 232.35
12.972 308.45 296.25 273.25 252.95 235.45
13.041 317.95 305.25 280.95 259.05 240.05
13.11 330.05 316.95 291.35 267.85 247.15
13.179 345.05 331.75 305.35 280.35 257.75
13.248 363.25 350.05 323.35 297.35 273.15
13.317 384.65 371.95 345.75 319.45 294.25
13.386 409.25 397.45 372.45 346.85 321.65
13.455 435.85 425.15 402.25 378.35 354.15
13.524 461.35 451.85 431.55 409.75 387.25
13.593 483.65 475.45 457.45 437.95 417.35
13.662 505.05 498.05 482.75 465.65 447.45
13.731 518.55 512.45 498.75 483.55 466.95
13.8 531.05 525.75 513.85 500.25 485.35
13.869 540.45 535.85 525.25 513.05 499.55
13.938 547.55 543.45 533.95 523.05 510.75
14.007 554.45 550.85 542.45 532.65 521.55
14.076 559.85 556.55 549.15 540.35 530.35
14.145 564.85 562.05 555.45 547.65 538.65
14.214 569.35 566.85 561.05 554.15 546.15
14.283 572.65 570.45 565.25 559.05 551.75
14.352 576.55 574.65 570.05 564.55 558.05
14.421 578.35 576.55 572.35 567.35 561.35
14.49 580.65 578.95 575.15 570.55 565.15
14.559 582.25 580.75 577.25 573.05 568.05
14.628 583.55 582.15 578.95 575.05 570.35
14.697 585.35 584.05 581.15 577.55 573.25
14.766 586.85 585.65 582.95 579.65 575.65
14.835 588.35 587.25 584.65 581.65 578.05
14.904 589.75 588.75 586.45 583.55 580.25
14.973 590.75 589.75 587.55 584.95 581.75
15.042 592.05 591.15 589.15 586.65 583.75
15.111 592.85 591.95 590.05 587.75 584.95
15.18 593.85 593.05 591.25 589.05 586.55
15.249 594.25 593.55 591.85 589.85 587.35
15.318 594.55 593.85 592.25 590.35 588.15
15.387 595.25 594.55 593.15 591.35 589.15
15.456 595.55 595.05 593.65 591.95 589.95
15.525 596.15 595.55 594.25 592.65 590.75
15.594 596.65 596.15 594.95 593.45 591.65
15.663 596.95 596.45 595.25 593.85 592.15
15.732 597.55 597.05 595.95 594.55 592.95
15.801 597.95 597.55 596.45 595.15 593.65
15.87 598.25 597.85 596.85 595.65 594.25
15.939 598.65 598.35 597.35 596.25 594.85
16.008 599.05 598.65 597.75 596.75 595.45
16.077 599.55 599.15 598.35 597.35 596.15
16.146 599.95 599.65 598.95 597.95 596.75
16.215 600.45 600.15 599.45 598.55 597.45
16.284 600.55 600.25 599.65 598.75 597.75
16.353 600.35 600.15 599.55 598.75 597.85
16.422 600.35 600.15 599.55 598.85 597.95
16.491 600.45 600.25 599.75 599.05 598.15
16.56 600.45 600.25 599.75 599.15 598.25
16.629 600.65 600.55 600.05 599.45 598.65
16.698 600.75 600.65 600.25 599.65 598.95
16.767 601.05 600.85 600.55 599.95 599.25
16.836 601.35 601.25 600.85 600.45 599.75
16.905 601.25 601.25 600.95 600.45 599.85
16.974 601.35 601.35 601.05 600.65 600.05
17.043 601.45 601.35 601.15 600.75 600.25
17.112 601.55 601.45 601.25 600.95 600.45
17.181 601.75 601.75 601.55 601.25 600.85
17.25 601.85 601.85 601.75 601.45 601.05
17.319 601.85 601.85 601.85 601.55 601.25
17.388 601.65 601.65 601.65 601.45 601.15
17.457 601.35 601.45 601.35 601.25 600.95
17.526 601.35 601.45 601.45 601.25 601.05
17.595 600.95 601.05 601.05 600.95 600.75
17.664 600.95 601.05 601.05 601.05 600.85
17.733 600.85 600.95 600.95 600.95 600.75
17.802 600.85 600.85 600.95 600.95 600.75
17.871 600.95 601.05 601.15 601.15 601.05
17.94 600.75 600.85 600.95 600.95 600.85
18.009 600.55 600.75 600.85 600.95 600.85
18.078 600.35 600.55 600.75 600.75 600.75
18.147 600.25 600.35 600.55 600.65 600.65
18.216 600.25 600.35 600.65 600.75 600.75
18.285 600.15 600.25 600.55 600.75 600.75
18.354 599.95 600.15 600.45 600.65 600.75
18.423 599.45 599.65 599.95 600.25 600.35
18.492 598.85 599.05 599.45 599.75 599.85
18.561 598.55 598.75 599.25 599.45 599.65
18.63 597.95 598.15 598.65 598.95 599.15
18.699 597.65 597.95 598.45 598.75 598.95
18.768 597.15 597.45 597.95 598.35 598.65
18.837 596.75 597.05 597.65 597.95 598.25
18.906 596.45 596.75 597.35 597.75 598.05
18.975 595.85 596.25 596.85 597.35 597.65
19.044 595.25 595.65 596.35 596.85 597.25
19.113 594.65 595.05 595.85 596.35 596.85
19.182 594.15 594.65 595.35 596.05 596.45
19.251 593.65 594.15 595.05 595.65 596.15
19.32 593.15 593.65 594.65 595.35 595.95
19.389 592.55 593.15 594.15 594.95 595.55
19.458 591.15 591.85 592.95 593.85 594.55
19.527 589.85 590.55 591.75 592.75 593.55
19.596 588.35 589.15 590.55 591.55 592.45
19.665 586.85 587.75 589.25 590.45 591.35
19.734 585.45 586.45 588.05 589.35 590.35
19.803 583.85 584.95 586.75 588.15 589.25
19.872 582.15 583.35 585.35 586.85 588.15
19.941 580.05 581.45 583.65 585.45 586.85
20.01 577.65 579.15 581.75 583.75 585.35
20.079 574.75 576.45 579.35 581.65 583.45
20.148 571.25 573.25 576.55 579.15 581.25
20.217 567.45 569.75 573.55 576.55 578.95
20.286 562.55 565.15 569.65 573.15 575.95
20.355 556.95 560.05 565.25 569.35 572.65
20.424 549.65 553.35 559.45 564.35 568.15
20.493 540.45 544.75 552.05 557.85 562.45
20.562 528.95 534.05 542.75 549.65 555.25
20.631 514.35 520.45 530.85 539.25 546.05
20.7 496.65 503.95 516.35 526.45 534.65
20.769 474.65 483.25 498.25 510.45 520.35
20.838 447.45 457.75 475.55 490.25 502.25
20.907 418.35 430.25 450.95 468.05 482.15
20.976 389.85 403.05 426.25 445.65 461.65
21.045 363.75 377.85 403.15 424.25 441.95
21.114 340.75 355.45 382.15 404.75 423.65
21.183 321.15 336.15 363.65 387.25 407.15
21.252 304.95 319.85 347.65 371.75 392.35
21.321 291.95 306.65 334.25 358.65 379.55
21.39 282.05 296.25 323.25 347.55 368.55
21.459 274.85 288.45 314.75 338.55 359.55
21.528 269.95 282.95 308.25 331.65 352.25
21.597 267.15 279.45 303.85 326.55 346.75
21.666 266.15 277.95 301.35 323.25 342.95
21.735 266.65 277.95 300.45 321.75 340.95
21.804 268.55 279.45 301.25 321.85 340.45
21.873 271.65 282.15 303.35 323.35 341.65
21.942 275.05 285.35 306.05 325.75 343.55
22.011 277.45 287.65 308.05 327.55 345.25
22.08 277.45 287.65 307.95 327.35 345.15
22.149 273.75 283.95 304.45 324.05 342.15
22.218 264.85 275.15 296.05 316.25 334.75
22.287 247.85 258.55 280.25 301.35 320.85
22.356 214.25 225.75 249.05 271.85 293.25
22.425 186.05 197.95 222.45 246.65 269.55
22.494 165.35 177.35 202.35 227.25 251.05
22.563 149.55 161.45 186.35 211.55 235.75
22.632 137.65 149.25 173.65 198.75 223.15
22.701 128.35 139.55 163.35 188.15 212.55
22.77 120.55 131.25 154.35 178.65 202.85
22.839 113.85 124.15 146.55 170.25 194.25
22.908 108.35 118.25 139.85 163.05 186.65
22.977 103.35 112.95 133.75 156.25 179.45
23.046 98.95 108.15 128.25 150.05 172.75
23.115 95.05 103.85 123.15 144.45 166.65
23.184 91.45 99.95 118.65 139.35 161.05
23.253 88.25 96.45 114.55 134.65 155.85
23.322 85.25 93.15 110.55 129.95 150.65
23.391 82.45 90.05 106.85 125.65 145.85
23.46 79.85 87.25 103.55 121.85 141.55
23.529 77.55 84.65 100.45 118.15 137.35
23.598 75.45 82.35 97.65 114.85 133.55
23.667 73.45 80.05 94.95 111.65 129.95
23.736 71.45 77.95 92.35 108.65 126.55
23.805 69.65 75.95 89.85 105.75 123.15
23.874 67.95 74.05 87.55 102.95 119.95
23.943 66.35 72.25 85.45 100.45 117.05
24.012 64.85 70.55 83.45 98.05 114.25
24.081 63.35 68.95 81.45 95.65 111.45
24.15 62.05 67.45 79.65 93.45 108.85
24.219 60.85 66.05 77.85 91.45 106.45
24.288 59.65 64.65 76.15 89.45 104.15
24.357 58.45 63.35 74.55 87.45 101.85
24.426 57.35 62.15 73.05 85.65 99.65
24.495 56.35 60.95 71.55 83.85 97.65
24.564 55.35 59.75 70.05 82.15 95.55
24.633 54.35 58.65 68.75 80.45 93.65
24.702 53.55 57.65 67.45 78.95 91.85
24.771 52.65 56.65 66.25 77.45 90.05
24.84 51.85 55.75 64.95 75.95 88.35
24.909 51.05 54.85 63.85 74.55 86.65
24.978 50.35 53.95 62.75 73.25 85.05
25.047 49.65 53.15 61.65 71.85 83.45
25.116 48.95 52.25 60.55 70.55 81.95
25.185 48.25 51.55 59.55 69.35 80.55
25.254 47.65 50.75 58.65 68.15 79.15
25.323 47.05 50.05 57.65 67.05 77.75
25.392 46.45 49.35 56.75 65.85 76.35
25.461 45.95 48.75 55.85 64.75 75.05
25.53 45.35 48.15 55.05 63.75 73.85
25.599 44.85 47.55 54.25 62.75 72.65
25.668 44.35 46.95 53.45 61.75 71.45
25.737 43.95 46.35 52.75 60.85 70.35
25.806 43.45 45.85 51.95 59.95 69.25
25.875 43.05 45.35 51.35 59.05 68.15
25.944 42.55 44.85 50.65 58.15 67.15
26.013 42.15 44.35 49.95 57.35 66.15
26.082 41.75 43.85 49.35 56.45 65.15
26.151 41.35 43.35 48.75 55.75 64.15
26.22 41.05 42.95 48.15 54.95 63.25
26.289 40.65 42.55 47.55 54.25 62.35
26.358 40.25 42.05 46.95 53.45 61.35
26.427 39.95 41.75 46.45 52.75 60.55
26.496 39.65 41.35 45.95 52.15 59.75
26.565 39.25 40.95 45.35 51.45 58.85
26.634 38.95 40.55 44.85 50.75 58.15
26.703 38.65 40.25 44.45 50.15 57.35
26.772 38.35 39.85 43.95 49.55 56.65
26.841 38.05 39.55 43.55 48.95 55.85
26.91 37.75 39.25 43.05 48.45 55.15
26.979 37.55 38.95 42.65 47.85 54.45
27.048 37.25 38.65 42.25 47.35 53.85
27.117 36.95 38.25 41.85 46.85 53.15
27.186 36.75 38.05 41.45 46.35 52.45
27.255 36.45 37.75 41.05 45.85 51.85
27.324 36.25 37.45 40.75 45.35 51.25
27.393 35.95 37.15 40.35 44.85 50.65
27.462 35.75 36.95 40.05 44.45 50.15
27.531 35.45 36.65 39.65 43.95 49.55
27.6 35.25 36.35 39.35 43.55 48.95
27.669 35.05 36.15 39.05 43.15 48.45
27.738 34.85 35.95 38.75 42.65 47.95
27.807 34.65 35.65 38.45 42.25 47.45
27.876 34.45 35.45 38.15 41.85 46.95
27.945 34.15 35.15 37.85 41.55 46.45
28.014 33.95 34.95 37.55 41.15 45.95
28.083 33.85 34.75 37.25 40.75 45.45
28.152 33.65 34.55 36.95 40.45 45.05
28.221 33.45 34.35 36.75 40.05 44.65
28.29 33.25 34.15 36.45 39.75 44.15
28.359 33.05 33.95 36.25 39.45 43.75
28.428 32.85 33.75 35.95 39.05 43.35
28.497 32.65 33.55 35.75 38.75 42.95
28.566 32.55 33.35 35.45 38.45 42.55
28.635 32.35 33.15 35.25 38.15 42.15
28.704 32.15 32.95 35.05 37.85 41.75
28.773 32.05 32.75 34.75 37.55 41.45
28.842 31.85 32.65 34.55 37.35 41.05
28.911 31.65 32.45 34.35 37.05 40.75
28.98 31.55 32.25 34.15 36.75 40.35
29.049 31.35 32.15 33.95 36.55 40.05
29.118 31.25 31.95 33.75 36.25 39.75
29.187 31.05 31.75 33.55 36.05 39.35
29.256 30.95 31.65 33.35 35.75 39.05
29.325 30.75 31.45 33.15 35.55 38.75
29.394 30.65 31.35 33.05 35.35 38.45
29.463 30.55 31.15 32.85 35.05 38.15
29.532 30.35 31.05 32.65 34.85 37.95
29.601 30.25 30.85 32.45 34.65 37.65
29.67 30.15 30.75 32.35 34.45 37.35
29.739 29.95 30.65 32.15 34.25 37.15
29.808 29.85 30.45 31.95 34.05 36.85
29.877 29.75 30.35 31.85 33.85 36.55
29.946 29.65 30.25 31.65 33.65 36.35
30.015 29.45 30.05 31.45 33.45 36.05
30.084 29.35 29.95 31.35 33.25 35.85
30.153 29.25 29.85 31.15 33.05 35.65
30.222 29.15 29.65 31.05 32.85 35.35
30.291 29.05 29.55 30.95 32.75 35.15
30.36 28.95 29.45 30.75 32.55 34.95
30.429 28.75 29.35 30.65 32.35 34.75
30.498 28.65 29.25 30.45 32.15 34.55
30.567 28.55 29.15 30.35 32.05 34.35
30.636 28.45 28.95 30.25 31.85 34.05
30.705 28.35 28.85 30.05 31.65 33.85
30.774 28.25 28.75 29.95 31.55 33.65
30.843 28.15 28.65 29.85 31.35 33.55
30.912 28.05 28.55 29.75 31.25 33.35
30.981 27.95 28.45 29.55 31.05 33.15
31.05 27.85 28.35 29.45 30.95 32.95
31.119 27.75 28.25 29.35 30.75 32.75
31.188 27.75 28.15 29.25 30.65 32.55
31.257 27.65 28.05 29.15 30.55 32.45
31.326 27.55 27.95 29.05 30.35 32.25
31.395 27.45 27.85 28.95 30.25 32.05
31.464 27.35 27.75 28.75 30.15 31.95
31.533 27.25 27.65 28.65 29.95 31.75
31.602 27.15 27.65 28.55 29.85 31.55
31.671 27.15 27.55 28.45 29.75 31.45
31.74 27.05 27.45 28.35 29.65 31.25
31.809 26.95 27.35 28.25 29.45 31.15
31.878 26.85 27.25 28.15 29.35 30.95
31.947 26.75 27.15 28.05 29.25 30.85
32.016 26.75 27.15 27.95 29.15 30.75
32.085 26.65 27.05 27.95 29.05 30.55
32.154 26.55 26.95 27.85 28.95 30.45
32.223 26.45 26.85 27.75 28.85 30.35
32.292 26.45 26.75 27.65 28.75 30.15
32.361 26.35 26.75 27.55 28.65 30.05
32.43 26.25 26.65 27.45 28.55 29.95
32.499 26.15 26.55 27.35 28.45 29.75
32.568 26.15 26.45 27.35 28.35 29.65
32.637 26.05 26.45 27.25 28.25 29.55
32.706 25.95 26.35 27.15 28.15 29.45
32.775 25.85 26.25 27.05 28.05 29.35
32.844 25.75 26.15 26.95 27.95 29.25
32.913 25.75 26.05 26.85 27.85 29.05
32.982 25.65 26.05 26.85 27.75 28.95
33.051 25.55 25.95 26.75 27.65 28.85
33.12 25.45 25.85 26.65 27.55 28.75
33.189 25.35 25.75 26.55 27.45 28.65
33.258 25.25 25.65 26.45 27.35 28.55
33.327 25.05 25.55 26.35 27.25 28.45
33.396 24.95 25.45 26.25 27.15 28.35
33.465 24.85 25.25 26.15 27.05 28.25
33.534 24.65 25.15 26.05 26.95 28.15
33.603 24.45 24.95 25.95 26.85 27.95
33.672 24.35 24.85 25.75 26.75 27.85
33.741 24.15 24.65 25.65 26.65 27.75
33.81 23.95 24.45 25.45 26.45 27.65
33.879 23.65 24.25 25.35 26.35 27.45
33.948 23.45 24.05 25.15 26.15 27.35
34.017 23.25 23.75 24.95 26.05 27.15
34.086 23.05 23.55 24.65 25.85 27.05
34.155 22.75 23.35 24.45 25.65 26.85
34.224 22.55 23.05 24.25 25.45 26.65
34.293 22.35 22.85 23.95 25.25 26.45
34.362 22.15 22.65 23.75 25.05 26.25
34.431 22.05 22.45 23.65 24.85 26.15
34.5 21.85 22.25 23.45 24.65 25.95
 21.75 22.15 23.25 24.55 25.85
