Simulation-x Simulation-T Experimental-x Experimental-T  
cm C cm C   
0 23.75 1 27.92
0.069 23.85 3.299615385 37.1
0.138 23.95 5.546538462 40.2  
0.207 24.15 7.793461538 40.7  
0.276 24.25 10.04038462 67.6  
0.345 24.35 12.28730769 264.5
0.414 24.45 14.53423077 570.28
0.483 24.55 16.78115385 593.45
0.552 24.65 19.02807692 586.12
0.621 24.75 21.275 350.4
0.69 24.85 23.52192308 85.48
0.759 24.95 25.76884615 43.09
0.828 24.95 28.01576923 37.43
0.897 25.05 30.26269231 33.4
0.966 25.15 32.50961538 33.28
1.035 25.15
1.104 25.25
1.173 25.35
1.242 25.35
1.311 25.45
1.38 25.45
1.449 25.55
1.518 25.55
1.587 25.65
1.656 25.75
1.725 25.75
1.794 25.85
1.863 25.85
1.932 25.95
2.001 26.05
2.07 26.05
2.139 26.15
2.208 26.15
2.277 26.25
2.346 26.35
2.415 26.35
2.484 26.45
2.553 26.55
2.622 26.55
2.691 26.65
2.76 26.75
2.829 26.75
2.898 26.85
2.967 26.95
3.036 27.05
3.105 27.05
3.174 27.15
3.243 27.25
3.312 27.35
3.381 27.35
3.45 27.45
3.519 27.55
3.588 27.65
3.657 27.75
3.726 27.85
3.795 27.95
3.864 28.05
3.933 28.15
4.002 28.15
4.071 28.25
4.14 28.35
4.209 28.45
4.278 28.55
4.347 28.75
4.416 28.85
4.485 28.95
4.554 29.05
4.623 29.15
4.692 29.25
4.761 29.35
4.83 29.45
4.899 29.65
4.968 29.75
5.037 29.85
5.106 29.95
5.175 30.15
5.244 30.25
5.313 30.35
5.382 30.55
5.451 30.65
5.52 30.75
5.589 30.95
5.658 31.05
5.727 31.25
5.796 31.35
5.865 31.55
5.934 31.65
6.003 31.85
6.072 31.95
6.141 32.15
6.21 32.35
6.279 32.45
6.348 32.65
6.417 32.85
6.486 33.05
6.555 33.25
6.624 33.35
6.693 33.55
6.762 33.75
6.831 33.95
6.9 34.15
6.969 34.35
7.038 34.55
7.107 34.75
7.176 35.05
7.245 35.25
7.314 35.45
7.383 35.65
7.452 35.95
7.521 36.15
7.59 36.45
7.659 36.65
7.728 36.95
7.797 37.15
7.866 37.45
7.935 37.75
8.004 37.95
8.073 38.25
8.142 38.55
8.211 38.85
8.28 39.15
8.349 39.55
8.418 39.85
8.487 40.15    
8.556 40.45
8.625 40.85
8.694 41.15
8.763 41.55
8.832 41.95
8.901 42.35
8.97 42.75
9.039 43.15
9.108 43.55
9.177 44.05
9.246 44.55
9.315 44.95
9.384 45.55
9.453 46.05    
9.522 46.65
9.591 47.15
9.66 47.85
9.729 48.45
9.798 49.15
9.867 49.85
9.936 50.65
10.005 51.45
10.074 52.35
10.143 53.35
10.212 54.35
10.281 55.45
10.35 56.55
10.419 57.75
10.488 59.05
10.557 60.45
10.626 61.95
10.695 63.35
10.764 65.05
10.833 66.95
10.902 68.85
10.971 70.85
11.04 73.25
11.109 75.85
11.178 78.65
11.247 81.65
11.316 85.35
11.385 89.45
11.454 93.95
11.523 99.45
11.592 105.95
11.661 114.05
11.73 124.05
11.799 136.55
11.868 153.95
11.937 178.85
12.006 213.35
12.075 234.05
12.144 245.85
12.213 254.55
12.282 261.35
12.351 266.85
12.42 271.75
12.489 276.15
12.558 280.35
12.627 284.65
12.696 289.25
12.765 294.55
12.834 300.85
12.903 308.45
12.972 317.95
13.041 330.05
13.11 345.05
13.179 363.25
13.248 384.65
13.317 409.25
13.386 435.85
13.455 461.35
13.524 483.65
13.593 505.05
13.662 518.55
13.731 531.05
13.8 540.45
13.869 547.55
13.938 554.45
14.007 559.85
14.076 554.45
14.145 559.85
14.214 564.85
14.283 569.35
14.352 572.65
14.421 576.55
14.49 578.35
14.559 580.65
14.628 582.25
14.697 583.55
14.766 585.35
14.835 586.85
14.904 588.35
14.973 589.75
15.042 590.75
15.111 592.05
15.18 592.85
15.249 593.85
15.318 594.25
15.387 594.55
15.456 595.25
15.525 595.55
15.594 596.15
15.663 596.65
15.732 596.95
15.801 597.55
15.87 597.95
15.939 598.25
16.008 598.65
16.077 599.05
16.146 599.55
16.215 599.95
16.284 600.45
16.353 600.55
16.422 600.35
16.491 600.35
16.56 600.45
16.629 600.45
16.698 600.65
16.767 600.75
16.836 601.05
16.905 601.35
16.974 601.25
17.043 601.35
17.112 601.45
17.181 601.55
17.25 601.75
17.319 601.85
17.388 601.85
17.457 601.65
17.526 601.35
17.595 601.35
17.664 600.95
17.733 600.95
17.802 600.85
17.871 600.85
17.94 600.95
18.009 600.75
18.078 600.55
18.147 600.35
18.216 600.25
18.285 600.25
18.354 600.15
18.423 599.95
18.492 599.45
18.561 598.85
18.63 598.55
18.699 597.95
18.768 597.65
18.837 597.15
18.906 596.75
18.975 596.45
19.044 595.85
19.113 595.25
19.182 594.65
19.251 594.15
19.32 593.65
19.389 593.15
19.458 592.55
19.527 591.15
19.596 589.85
19.665 588.35
19.734 586.85
19.803 585.45
19.872 583.85
19.941 582.15
20.01 580.05
20.079 577.65
20.148 574.75
20.217 571.25
20.286 567.45
20.355 562.55
20.424 556.95
20.493 549.65
20.562 540.45
20.631 528.95
20.7 514.35
20.769 496.65
20.838 474.65
20.907 447.45
20.976 418.35
21.045 389.85
21.114 363.75
21.183 340.75
21.252 321.15
21.321 304.95
21.39 291.95
21.459 282.05
21.528 274.85
21.597 269.95
21.666 267.15
21.735 266.15
21.804 266.65
21.873 268.55
21.942 271.65
22.011 275.05
22.08 277.45
22.149 277.45
22.218 273.75
22.287 264.85
22.356 247.85
22.425 214.25
22.494 186.05
22.563 165.35
22.632 149.55
22.701 137.65
22.77 128.35
22.839 120.55
22.908 113.85
22.977 108.35
23.046 103.35
23.115 98.95
23.184 95.05
23.253 91.45
23.322 88.25
23.391 85.25
23.46 82.45
23.529 79.85
23.598 77.55
23.667 75.45
23.736 73.45
23.805 71.45
23.874 69.65
23.943 67.95
24.012 66.35
24.081 64.85
24.15 63.35
24.219 62.05
24.288 60.85
24.357 59.65
24.426 58.45
24.495 57.35
24.564 56.35
24.633 55.35
24.702 54.35
24.771 53.55
24.84 52.65
24.909 51.85
24.978 51.05
25.047 50.35
25.116 49.65
25.185 48.95
25.254 48.25
25.323 47.65
25.392 47.05
25.461 46.45
25.53 45.95
25.599 45.35
25.668 44.85
25.737 44.35
25.806 43.95
25.875 43.45
25.944 43.05
26.013 42.55
26.082 42.15
26.151 41.75
26.22 41.35
26.289 41.05
26.358 40.65
26.427 40.25
26.496 39.95
26.565 39.65
26.634 39.25
26.703 38.95
26.772 38.65
26.841 38.35
26.91 38.05
26.979 37.75
27.048 37.55
27.117 37.25
27.186 36.95
27.255 36.75
27.324 36.45
27.393 36.25
27.462 35.95  
27.531 35.75
27.6 35.45
27.669 35.25
27.738 35.05
27.807 34.85
27.876 34.65
27.945 34.45
28.014 34.15
28.083 33.95
28.152 33.85
28.221 33.65
28.29 33.45
28.359 33.25
28.428 33.05
28.497 32.85
28.566 32.65
28.635 32.55
28.704 32.35
28.773 32.15
28.842 32.05
28.911 31.85
28.98 31.65
29.049 31.55
29.118 31.35
29.187 31.25
29.256 31.05
29.325 30.95
29.394 30.75
29.463 30.65
29.532 30.55
29.601 30.35
29.67 30.25
29.739 30.15
29.808 29.95
29.877 29.85
29.946 29.75
30.015 29.65
30.084 29.45
30.153 29.35
30.222 29.25
30.291 29.15
30.36 29.05
30.429 28.95
30.498 28.75
30.567 28.65
30.636 28.55
30.705 28.45
30.774 28.35
30.843 28.25
30.912 28.15
30.981 28.05
31.05 27.95
31.119 27.85
31.188 27.75
31.257 27.75
31.326 27.65
31.395 27.55
31.464 27.45
31.533 27.35
31.602 27.25
31.671 27.15
31.74 27.15
31.809 27.05
31.878 26.95
31.947 26.85
32.016 26.75
32.085 26.75
32.154 26.65
32.223 26.55
32.292 26.45
32.361 26.45
32.43 26.35
32.499 26.25
32.568 26.15
32.637 26.15
32.706 26.05
32.775 25.95
32.844 25.85
32.913 25.75
32.982 25.75
33.051 25.65
33.12 25.55
33.189 25.45
33.258 25.35
33.327 25.25
33.396 25.05
33.465 24.95
33.534 24.85
33.603 24.65
33.672 24.45
33.741 24.35
33.81 24.15
33.879 23.95
33.948 23.65
34.017 23.45
34.086 23.25
34.155 23.05
34.224 22.75
34.293 22.55
34.362 22.35
34.431 22.15
34.5 22.05
