Reactor-length Experimental-results Non-adiabatic-reflective-wall Adiabatic-reflective-wall
cm C C C
0 23.75 22.95 29.95
0.069 23.85 23.05 30.35
0.138 23.95 23.15 30.75
0.207 24.15 23.25 31.15
0.276 24.25 23.35 31.55
0.345 24.35 23.45 32.05
0.414 24.45 23.45 32.55
0.483 24.55 23.55 32.95
0.552 24.65 23.65 33.45
0.621 24.75 23.75 33.95
0.69 24.85 23.75 34.45
0.759 24.95 23.85 34.95
0.828 24.95 23.85 35.55
0.897 25.05 23.95 36.05
0.966 25.15 23.95 36.55
1.035 25.15 24.05 37.15
1.104 25.25 24.05 37.65
1.173 25.35 24.15 38.25
1.242 25.35 24.15 38.75
1.311 25.45 24.25 39.35
1.38 25.45 24.25 39.95
1.449 25.55 24.35 40.55
1.518 25.55 24.35 41.15
1.587 25.65 24.35 41.75
1.656 25.75 24.45 42.45
1.725 25.75 24.45 43.05
1.794 25.85 24.55 43.75
1.863 25.85 24.55 44.35
1.932 25.95 24.65 45.05
2.001 26.05 24.65 45.75
2.07 26.05 24.75 46.45
2.139 26.15 24.75 47.25
2.208 26.15 24.85 47.95
2.277 26.25 24.85 48.65
2.346 26.35 24.85 49.45
2.415 26.35 24.95 50.25
2.484 26.45 24.95 51.05
2.553 26.55 25.05 51.85
2.622 26.55 25.05 52.65
2.691 26.65 25.15 53.45
2.76 26.75 25.25 54.35
2.829 26.75 25.25 55.25
2.898 26.85 25.35 56.15
2.967 26.95 25.35 56.95
3.036 27.05 25.45 57.95
3.105 27.05 25.45 58.85
3.174 27.15 25.55 59.85
3.243 27.25 25.65 60.85
3.312 27.35 25.65 61.75
3.381 27.35 25.75 62.85
3.45 27.45 25.75 63.85
3.519 27.55 25.85 64.85
3.588 27.65 25.95 65.95
3.657 27.75 25.95 67.05
3.726 27.85 26.05 68.15
3.795 27.95 26.15 69.25
3.864 28.05 26.25 70.35
3.933 28.15 26.25 71.55
4.002 28.15 26.35 72.75
4.071 28.25 26.45 73.95
4.14 28.35 26.45 75.15
4.209 28.45 26.55 76.45
4.278 28.55 26.65 77.75
4.347 28.75 26.75 79.05
4.416 28.85 26.85 80.35
4.485 28.95 26.95 81.75
4.554 29.05 26.95 83.15
4.623 29.15 27.05 84.55
4.692 29.25 27.15 85.95
4.761 29.35 27.25 87.35
4.83 29.45 27.35 88.85
4.899 29.65 27.45 90.35
4.968 29.75 27.55 91.85
5.037 29.85 27.65 93.45
5.106 29.95 27.75 95.05
5.175 30.15 27.85 96.75
5.244 30.25 27.95 98.35
5.313 30.35 28.05 100.05
5.382 30.55 28.15 101.75
5.451 30.65 28.25 103.55
5.52 30.75 28.35 105.25
5.589 30.95 28.45 107.05
5.658 31.05 28.55 108.95
5.727 31.25 28.65 110.85
5.796 31.35 28.75 112.75
5.865 31.55 28.95 114.65
5.934 31.65 29.05 116.75
6.003 31.85 29.15 118.85
6.072 31.95 29.25 120.95
6.141 32.15 29.45 123.05
6.21 32.35 29.55 125.15
6.279 32.45 29.65 127.35
6.348 32.65 29.75 129.65
6.417 32.85 29.95 131.95
6.486 33.05 30.05 134.35
6.555 33.25 30.25 136.75
6.624 33.35 30.35 139.25
6.693 33.55 30.45 141.85
6.762 33.75 30.65 144.45
6.831 33.95 30.75 147.05
6.9 34.15 30.95 149.75
6.969 34.35 31.15 152.55
7.038 34.55 31.25 155.35
7.107 34.75 31.45 158.25
7.176 35.05 31.55 161.15
7.245 35.25 31.75 164.15
7.314 35.45 31.95 167.25
7.383 35.65 32.15 170.25
7.452 35.95 32.25 173.45
7.521 36.15 32.45 176.85
7.59 36.45 32.65 180.25
7.659 36.65 32.85 183.65
7.728 36.95 33.05 187.15
7.797 37.15 33.25 190.75
7.866 37.45 33.45 194.45
7.935 37.75 33.65 198.15
8.004 37.95 33.95 201.95
8.073 38.25 34.15 205.95
8.142 38.55 34.35 210.05
8.211 38.85 34.55 214.05
8.28 39.15 34.85 218.25
8.349 39.55 35.05 222.75
8.418 39.85 35.35 227.25
8.487 40.15 35.55 231.75
8.556 40.45 35.85 236.35
8.625 40.85 36.15 241.25
8.694 41.15 36.45 246.15
8.763 41.55 36.75 251.05
8.832 41.95 37.05 256.25
8.901 42.35 37.35 261.55
8.97 42.75 37.65 267.05
9.039 43.15 38.05 272.55
9.108 43.55 38.35 278.25
9.177 44.05 38.75 284.25
9.246 44.55 39.15 290.25
9.315 44.95 39.65 296.35
9.384 45.55 40.05 302.75
9.453 46.05 40.55 309.35
9.522 46.65 41.05 315.95
9.591 47.15 41.55 322.75
9.66 47.85 42.15 329.95
9.729 48.45 42.75 337.25
9.798 49.15 43.45 344.55
9.867 49.85 44.15 352.25
9.936 50.65 44.95 360.25
10.005 51.45 45.75 368.35
10.074 52.35 46.65 376.65
10.143 53.35 47.65 385.35
10.212 54.35 48.65 394.25
10.281 55.45 49.75 403.35
10.35 56.55 50.95 412.65
10.419 57.75 52.25 422.05
10.488 59.05 53.65 431.75
10.557 60.45 55.15 441.75
10.626 61.95 56.65 451.95
10.695 63.35 58.25 462.25
10.764 65.05 60.05 472.95
10.833 66.95 62.15 483.85
10.902 68.85 64.15 494.95
10.971 70.85 66.35 506.25
11.04 73.25 69.05 517.75
11.109 75.85 71.85 529.75
11.178 78.65 75.05 542.15
11.247 81.65 78.45 554.85
11.316 85.35 82.65 568.05
11.385 89.45 87.45 581.45
11.454 93.95 92.75 595.15
11.523 99.45 99.45 609.55
11.592 105.95 107.45 624.55
11.661 114.05 117.65 640.75
11.73 124.05 130.45 657.75
11.799 136.55 146.65 676.15
11.868 153.95 169.65 697.35
11.937 178.85 202.65 722.85
12.006 213.35 248.35 753.85
12.075 234.05 275.85 774.85
12.144 245.85 291.35 788.85
12.213 254.55 302.65 800.85
12.282 261.35 311.25 810.85
12.351 266.85 318.15 820.85
12.42 271.75 323.85 828.85
12.489 276.15 328.85 836.85
12.558 280.35 333.55 843.85
12.627 284.65 338.15 850.85
12.696 289.25 342.95 856.85
12.765 294.55 348.55 863.85
12.834 300.85 355.25 869.85
12.903 308.45 363.65 876.85
12.972 317.95 374.35 882.85
13.041 330.05 388.15 889.85
13.11 345.05 405.65 896.85
13.179 363.25 427.15 903.85
13.248 384.65 452.65 911.85
13.317 409.25 482.05 919.85
13.386 435.85 513.75 928.85
13.455 461.35 544.05 937.85
13.524 483.65 570.45 946.85
13.593 505.05 595.85 956.85
13.662 518.55 612.05 965.85
13.731 531.05 627.35 975.85
13.8 540.45 639.15 983.85
13.869 547.55 648.25 992.85
13.938 554.45 657.35 1000.85
14.007 559.85 664.65 1008.85
14.076 564.85 671.85 1016.85
14.145 569.35 678.55 1023.85
14.214 572.65 683.85 1030.85
14.283 576.55 690.05 1036.85
14.352 578.35 693.55 1042.85
14.421 580.65 697.75 1048.85
14.49 582.25 701.15 1054.85
14.559 583.55 704.15 1059.85
14.628 585.35 707.95 1065.85
14.697 586.85 711.25 1070.85
14.766 588.35 714.55 1075.85
14.835 589.75 717.65 1080.85
14.904 590.75 720.25 1084.85
14.973 592.05 723.25 1089.85
15.042 592.85 725.35 1093.85
15.111 593.85 727.85 1097.85
15.18 594.25 729.85 1101.85
15.249 594.55 731.85 1104.85
15.318 595.25 733.85 1108.85
15.387 595.55 735.85 1111.85
15.456 596.15 737.85 1114.85
15.525 596.65 739.85 1117.85
15.594 596.95 740.85 1120.85
15.663 597.55 742.85 1123.85
15.732 597.95 743.85 1126.85
15.801 598.25 745.85 1128.85
15.87 598.65 746.85 1131.85
15.939 599.05 747.85 1133.85
16.008 599.55 749.85 1135.85
16.077 599.95 750.85 1137.85
16.146 600.45 751.85 1139.85
16.215 600.55 752.85 1141.85
16.284 600.35 752.85 1142.85
16.353 600.35 753.85 1144.85
16.422 600.45 754.85 1145.85
16.491 600.45 754.85 1146.85
16.56 600.65 755.85 1147.85
16.629 600.75 755.85 1148.85
16.698 601.05 756.85 1149.85
16.767 601.35 757.85 1150.85
16.836 601.25 757.85 1150.85
16.905 601.35 757.85 1151.85
16.974 601.45 757.85 1151.85
17.043 601.55 757.85 1152.85
17.112 601.75 758.85 1152.85
17.181 601.85 758.85 1152.85
17.25 601.85 757.85 1152.85
17.319 601.65 757.85 1151.85
17.388 601.35 757.85 1151.85
17.457 601.35 757.85 1150.85
17.526 600.95 756.85 1150.85
17.595 600.95 756.85 1149.85
17.664 600.85 755.85 1148.85
17.733 600.85 755.85 1147.85
17.802 600.95 754.85 1146.85
17.871 600.75 753.85 1145.85
17.94 600.55 753.85 1144.85
18.009 600.35 752.85 1142.85
18.078 600.25 751.85 1141.85
18.147 600.25 750.85 1139.85
18.216 600.15 749.85 1138.85
18.285 599.95 748.85 1136.85
18.354 599.45 747.85 1134.85
18.423 598.85 745.85 1131.85
18.492 598.55 744.85 1129.85
18.561 597.95 742.85 1126.85
18.63 597.65 741.85 1124.85
18.699 597.15 739.85 1121.85
18.768 596.75 738.85 1118.85
18.837 596.45 736.85 1115.85
18.906 595.85 734.85 1112.85
18.975 595.25 732.85 1108.85
19.044 594.65 730.85 1105.85
19.113 594.15 728.85 1101.85
19.182 593.65 726.35 1098.85
19.251 593.15 724.15 1094.85
19.32 592.55 721.85 1090.85
19.389 591.15 718.75 1085.85
19.458 589.85 715.75 1080.85
19.527 588.35 712.55 1076.85
19.596 586.85 709.25 1071.85
19.665 585.45 705.95 1066.85
19.734 583.85 702.55 1060.85
19.803 582.15 698.75 1055.85
19.872 580.05 694.75 1049.85
19.941 577.65 690.25 1043.85
20.01 574.75 685.15 1037.85
20.079 571.25 679.45 1030.85
20.148 567.45 673.55 1024.85
20.217 562.55 666.25 1017.85
20.286 556.95 658.35 1010.85
20.355 549.65 648.55 1003.85
20.424 540.45 636.55 995.85
20.493 528.95 622.05 988.85
20.562 514.35 603.95 982.85
20.631 496.65 582.15 975.85
20.7 474.65 555.05 971.85
20.769 447.45 521.75 968.85
20.838 418.35 486.15 966.85
20.907 389.85 451.25 965.85
20.976 363.75 419.35 964.85
21.045 340.75 391.55 962.85
21.114 321.15 368.05 961.85
21.183 304.95 348.95 960.85
21.252 291.95 334.05 958.85
21.321 282.05 323.05 957.85
21.39 274.85 315.65 955.85
21.459 269.95 311.25 954.85
21.528 267.15 309.55 952.85
21.597 266.15 310.05 951.85
21.666 266.65 312.55 949.85
21.735 268.55 316.75 947.85
21.804 271.65 322.15 946.85
21.873 275.05 327.95 944.85
21.942 277.45 332.25 943.85
22.011 277.45 332.95 941.85
22.08 273.75 328.35 940.85
22.149 264.85 316.45 939.85
22.218 247.85 293.55 938.85
22.287 214.25 248.35 939.85
22.356 186.05 210.15 940.85
22.425 165.35 182.25 940.85
22.494 149.55 161.25 940.85
22.563 137.65 145.55 940.85
22.632 128.35 133.45 940.85
22.701 120.55 123.55 939.85
22.77 113.85 115.25 939.85
22.839 108.35 108.55 938.85
22.908 103.35 102.55 938.85
22.977 98.95 97.45 937.85
23.046 95.05 92.85 937.85
23.115 91.45 88.75 936.85
23.184 88.25 85.15 935.85
23.253 85.25 81.75 934.85
23.322 82.45 78.65 934.85
23.391 79.85 75.85 933.85
23.46 77.55 73.35 932.85
23.529 75.45 71.15 931.85
23.598 73.45 68.95 930.85
23.667 71.45 66.85 930.85
23.736 69.65 64.85 929.85
23.805 67.95 63.05 928.85
23.874 66.35 61.45 927.85
23.943 64.85 59.85 926.85
24.012 63.35 58.25 925.85
24.081 62.05 56.95 924.85
24.15 60.85 55.65 923.85
24.219 59.65 54.35 922.85
24.288 58.45 53.15 921.85
24.357 57.35 52.05 920.85
24.426 56.35 50.95 918.85
24.495 55.35 49.95 917.85
24.564 54.35 48.95 916.85
24.633 53.55 48.15 915.85
24.702 52.65 47.25 914.85
24.771 51.85 46.45 913.85
24.84 51.05 45.65 911.85
24.909 50.35 44.95 910.85
24.978 49.65 44.25 909.85
25.047 48.95 43.65 907.85
25.116 48.25 42.95 906.85
25.185 47.65 42.45 904.85
25.254 47.05 41.85 903.85
25.323 46.45 41.35 902.85
25.392 45.95 40.75 900.85
25.461 45.35 40.35 898.85
25.53 44.85 39.85 897.85
25.599 44.35 39.45 895.85
25.668 43.95 38.95 894.85
25.737 43.45 38.55 892.85
25.806 43.05 38.25 890.85
25.875 42.55 37.85 888.85
25.944 42.15 37.45 887.85
26.013 41.75 37.15 885.85
26.082 41.35 36.85 883.85
26.151 41.05 36.55 881.85
26.22 40.65 36.15 879.85
26.289 40.25 35.85 877.85
26.358 39.95 35.65 875.85
26.427 39.65 35.35 873.85
26.496 39.25 35.05 871.85
26.565 38.95 34.85 868.85
26.634 38.65 34.55 866.85
26.703 38.35 34.35 864.85
26.772 38.05 34.05 862.85
26.841 37.75 33.85 859.85
26.91 37.55 33.65 857.85
26.979 37.25 33.45 854.85
27.048 36.95 33.25 852.85
27.117 36.75 33.05 849.85
27.186 36.45 32.85 846.85
27.255 36.25 32.65 843.85
27.324 35.95 32.45 841.85
27.393 35.75 32.25 838.85
27.462 35.45 32.05 835.85
27.531 35.25 31.85 832.85
27.6 35.05 31.75 829.85
27.669 34.85 31.55 825.85
27.738 34.65 31.35 822.85
27.807 34.45 31.25 819.85
27.876 34.15 31.05 815.85
27.945 33.95 30.85 812.85
28.014 33.85 30.75 808.85
28.083 33.65 30.55 805.85
28.152 33.45 30.45 801.85
28.221 33.25 30.25 797.85
28.29 33.05 30.15 793.85
28.359 32.85 30.05 789.85
28.428 32.65 29.85 785.85
28.497 32.55 29.75 781.85
28.566 32.35 29.65 776.85
28.635 32.15 29.45 772.85
28.704 32.05 29.35 767.85
28.773 31.85 29.25 763.85
28.842 31.65 29.05 758.85
28.911 31.55 28.95 753.85
28.98 31.35 28.85 748.85
29.049 31.25 28.75 743.85
29.118 31.05 28.65 738.85
29.187 30.95 28.55 732.85
29.256 30.75 28.35 727.85
29.325 30.65 28.25 721.85
29.394 30.55 28.15 716.15
29.463 30.35 28.05 710.25
29.532 30.25 27.95 704.15
29.601 30.15 27.85 697.85
29.67 29.95 27.75 691.45
29.739 29.85 27.65 684.95
29.808 29.75 27.55 678.15
29.877 29.65 27.45 671.15
29.946 29.45 27.35 664.05
30.015 29.35 27.25 656.75
30.084 29.25 27.15 649.25
30.153 29.15 27.15 641.35
30.222 29.05 27.05 633.35
30.291 28.95 26.95 625.25
30.36 28.75 26.85 616.85
30.429 28.65 26.75 608.15
30.498 28.55 26.65 599.35
30.567 28.45 26.55 590.55
30.636 28.35 26.55 581.45
30.705 28.25 26.45 571.75
30.774 28.15 26.35 561.95
30.843 28.05 26.25 552.05
30.912 27.95 26.25 542.05
30.981 27.85 26.15 531.45
31.05 27.75 26.05 520.55
31.119 27.75 25.95 509.85
31.188 27.65 25.95 499.05
31.257 27.55 25.85 487.45
31.326 27.45 25.75 475.65
31.395 27.35 25.75 463.95
31.464 27.25 25.65 452.35
31.533 27.15 25.55 440.45
31.602 27.15 25.55 428.15
31.671 27.05 25.45 415.95
31.74 26.95 25.45 403.95
31.809 26.85 25.35 391.85
31.878 26.75 25.25 379.65
31.947 26.75 25.25 367.55
32.016 26.65 25.15 355.65
32.085 26.55 25.15 343.85
32.154 26.45 25.05 332.15
32.223 26.45 25.05 320.65
32.292 26.35 24.95 309.35
32.361 26.25 24.85 298.35
32.43 26.15 24.85 287.65
32.499 26.15 24.75 277.15
32.568 26.05 24.75 266.85
32.637 25.95 24.65 256.85
32.706 25.85 24.55 247.05
32.775 25.75 24.55 237.35
32.844 25.75 24.45 227.65
32.913 25.65 24.35 218.35
32.982 25.55 24.35 209.25
33.051 25.45 24.25 200.15
33.12 25.35 24.15 191.15
33.189 25.25 24.05 182.25
33.258 25.05 23.95 173.55
33.327 24.95 23.85 164.75
33.396 24.85 23.75 155.95
33.465 24.65 23.65 147.25
33.534 24.45 23.55 138.65
33.603 24.35 23.35 130.05
33.672 24.15 23.25 121.45
33.741 23.95 23.05 113.05
33.81 23.65 22.95 104.95
33.879 23.45 22.75 96.85
33.948 23.25 22.55 88.95
34.017 23.05 22.35 81.85
34.086 22.75 22.25 75.05
34.155 22.55 22.05 68.45
34.224 22.35 21.85 62.55
34.293 22.15 21.75 58.05
34.362 22.05 21.55 54.05
34.431 21.85 21.45 50.35
34.5 21.75 21.35 46.65
